# Created by Octave 3.8.0, Sun Jun 24 22:50:43 2018 PDT <chen.young@Michaels-MacBook-Pro.local>
# name: v
# type: matrix
# rows: 10
# columns: 1
 0.7401441910028775
 0.08285924475920818
 0.4822297620163746
 0.03120940561837542
 0.3079898115072984
 0.05722196914009219
 0.6327916688345656
 0.5761903527509088
 0.6004747618426115
 0.7254620518160662


